0.0
0.204081632653
0.408163265306
0.612244897959
0.816326530612
1.02040816327
1.22448979592
1.42857142857
1.63265306122
1.83673469388
2.04081632653
2.24489795918
2.44897959184
2.65306122449
2.85714285714
3.0612244898
3.26530612245
3.4693877551
3.67346938776
3.87755102041
4.08163265306
4.28571428571
4.48979591837
4.69387755102
4.89795918367
5.10204081633
5.30612244898
5.51020408163
5.71428571429
5.91836734694
6.12244897959
6.32653061224
6.5306122449
6.73469387755
6.9387755102
7.14285714286
7.34693877551
7.55102040816
7.75510204082
7.95918367347
8.16326530612
8.36734693878
8.57142857143
8.77551020408
8.97959183673
9.18367346939
9.38775510204
9.59183673469
9.79591836735
10.0