0.0
0.102040816327
0.204081632653
0.30612244898
0.408163265306
0.510204081633
0.612244897959
0.714285714286
0.816326530612
0.918367346939
1.02040816327
1.12244897959
1.22448979592
1.32653061224
1.42857142857
1.5306122449
1.63265306122
1.73469387755
1.83673469388
1.9387755102
2.04081632653
2.14285714286
2.24489795918
2.34693877551
2.44897959184
2.55102040816
2.65306122449
2.75510204082
2.85714285714
2.95918367347
3.0612244898
3.16326530612
3.26530612245
3.36734693878
3.4693877551
3.57142857143
3.67346938776
3.77551020408
3.87755102041
3.97959183673
4.08163265306
4.18367346939
4.28571428571
4.38775510204
4.48979591837
4.59183673469
4.69387755102
4.79591836735
4.89795918367
5.0