1.0
1.20408163265
1.40816326531
1.61224489796
1.81632653061
2.02040816327
2.22448979592
2.42857142857
2.63265306122
2.83673469388
3.04081632653
3.24489795918
3.44897959184
3.65306122449
3.85714285714
4.0612244898
4.26530612245
4.4693877551
4.67346938776
4.87755102041
5.08163265306
5.28571428571
5.48979591837
5.69387755102
5.89795918367
6.10204081633
6.30612244898
6.51020408163
6.71428571429
6.91836734694
7.12244897959
7.32653061224
7.5306122449
7.73469387755
7.9387755102
8.14285714286
8.34693877551
8.55102040816
8.75510204082
8.95918367347
9.16326530612
9.36734693878
9.57142857143
9.77551020408
9.97959183673
10.1836734694
10.387755102
10.5918367347
10.7959183673
11.0