0.978961884107
0.944230918373
0.918805522448
0.869788580641
0.777444839059
0.754046518014
0.642482612444
0.576956671441
0.385968126572
0.335452903721
0.329538258023
0.305219681365
0.387114288752
0.224517348205
0.283074945853
0.314169748857
0.268614096184
0.381057040625
0.238441420099
0.386152573991
0.252153783884
0.229957167379
0.279490694217
0.205973894124
0.241469643391
0.17936667105
0.260704366545
0.123823899023
0.32644598168
0.263588724462
0.307996680089
0.230698631148
0.312421145476
0.248390195309
0.273308981129
0.174043806037
0.227799336067
0.21015058165
0.187892190093
0.377281294188
0.286831328997
0.191668080858
0.302249556865
0.221700618914
0.317988695671
0.252801460244
0.293022655149
0.281977878081
0.288389835149
0.258370843754