1.09524670684
0.920932128058
1.0312308337
1.05357306126
0.847269338767
0.879844458672
0.859327557365
0.874120695121
0.775092545077
0.780920020706
0.620806239555
0.618531378578
0.599869792285
0.567161534486
0.459748543561
0.477608122063
0.353172986684
0.358695034333
0.471109907834
0.355714811159
0.342875891131
0.33701337697
0.303991048669
0.271145653502
0.322685409699
0.222820532632
0.231175215512
0.271142674699
0.24688315473
0.279344943076
0.207775427166
0.12968702773
0.265459884821
0.22469036766
0.214642077575
0.256613134033
0.233302774649
0.292603440179
0.2271030904
0.284070368389
0.272371052505
0.323303892151
0.180711082689
0.246012037267
0.230233002085
0.275852557957
0.316063838864
0.270412471217
0.259955994658
0.351429616498