0.66225953811
0.595026614213
0.452946342464
0.488960848991
0.327771078758
0.36225095772
0.378223030165
0.247175731837
0.245360632921
0.228488954709
0.332535260234
0.261862735956
0.263814121488
0.198614931319
0.308660424787
0.262498443173
0.312323608841
0.199616123867
0.294350303105
0.233503296772
0.223858166026
0.256136367807
0.280723705445
0.233290135593
0.314707634102
0.177881048382
0.279475786875
0.178419970928
0.303128543118
0.253395788761
0.302346093182
0.29638226097
0.239897442615
0.243064577772
0.268440819676
0.233636975363
0.19058114624
0.233819282905
0.189417935294
0.308997021737
0.183516160836
0.284859838953
0.283317327758
0.167791111992
0.274733829335
0.199390401869
0.0931148787741
0.275434790655
0.228598606175
0.254804064695