1.0202202429
1.03928159077
0.944866266296
0.871113709566
0.779990598015
0.614628030542
0.580460894982
0.602815179192
0.461335192381
0.320344831479
0.444645506966
0.338852654012
0.261696811355
0.265055398492
0.187166787786
0.281687267451
0.152481736213
0.356468987801
0.379737463123
0.320099899616
0.29951075296
0.333341697912
0.24316211421
0.266720047694
0.255216985019
0.285276929535
0.27416150646
0.30358437219
0.269432763627
0.159327757235
0.164703652153
0.29834195446
0.220296205038
0.273788662848
0.306809192143
0.281479045992
0.175809310875
0.223996817319
0.246038735702
0.270420064825
0.18412993954
0.225257141059
0.23873087694
0.193970569913
0.231462407633
0.245472748286
0.311091675089
0.281171131335
0.23829483595
0.261755140584